3 50
1 8 1 1 25 1 1 8 25 1 8 8 1 1 1 25 25 8 8 8 1 25 25 25 25 1 8 8 8 8 1 25 25 25 8 25 8 8 8 1 25 1 8 25 1 1 25 8 1 1
-1
0 2 3
-1
-1
0 1 2 3 5 6 7 8
-1
-1
5 6 8 9
4 5 6 7 9 10 11 12
-1
8 9 11 12
9 10 12 13
-1
-1
-1
11 12 13 14 16 17 18 19
12 13 14 15 17 18 19 20
15 16 18 19
16 17 19 20
17 18 20 21
-1
17 18 19 20 22 23 24 25
18 19 20 21 23 24 25 26
19 20 21 22 24 25 26 27
20 21 22 23 25 26 27 28
-1
24 25 27 28
25 26 28 29
26 27 29 30
27 28 30 31
-1
27 28 29 30 32 33 34 35
28 29 30 31 33 34 35 36
29 30 31 32 34 35 36 37
32 33 35 36
31 32 33 34 36 37 38 39
34 35 37 38
35 36 38 39
36 37 39 40
-1
36 37 38 39 41 42 43 44
-1
40 41 43 44
39 40 41 42 44 45 46 47
-1
-1
42 43 44 45 47 48 49
45 46 48 49
-1
-1
