4 100
1 1 8 1 8 25 1 1 8 1 8 1 25 8 25 1 1 1 8 1 8 1 25 25 8 8 1 8 1 25 8 25 8 25 8 1 8 25 25 8 25 1 25 25 25 25 1 1 25 8 1 1 8 8 1 25 8 1 1 1 8 1 8 8 8 8 8 1 8 8 8 1 25 25 25 1 8 1 25 8 1 8 8 25 8 8 8 1 25 8 8 1 1 8 8 8 8 1 25 8
-1
-1
0 1 3 4 5
-1
1 2 3 5 6 7
0 1 2 3 4 6 7 8 9 10 11
-1
-1
5 6 7 9 10 11
-1
7 8 9 11 12 13
-1
6 7 8 9 10 11 13 14 15 16 17 18
10 11 12 14 15 16
8 9 10 11 12 13 15 16 17 18 19 20
-1
-1
-1
15 16 17 19 20 21
-1
17 18 19 21 22 23
-1
16 17 18 19 20 21 23 24 25 26 27 28
17 18 19 20 21 22 24 25 26 27 28 29
21 22 23 25 26 27
22 23 24 26 27 28
-1
24 25 26 28 29 30
-1
23 24 25 26 27 28 30 31 32 33 34 35
27 28 29 31 32 33
25 26 27 28 29 30 32 33 34 35 36 37
29 30 31 33 34 35
27 28 29 30 31 32 34 35 36 37 38 39
31 32 33 35 36 37
-1
33 34 35 37 38 39
31 32 33 34 35 36 38 39 40 41 42 43
32 33 34 35 36 37 39 40 41 42 43 44
36 37 38 40 41 42
34 35 36 37 38 39 41 42 43 44 45 46
-1
36 37 38 39 40 41 43 44 45 46 47 48
37 38 39 40 41 42 44 45 46 47 48 49
38 39 40 41 42 43 45 46 47 48 49 50
39 40 41 42 43 44 46 47 48 49 50 51
-1
-1
42 43 44 45 46 47 49 50 51 52 53 54
46 47 48 50 51 52
-1
-1
49 50 51 53 54 55
50 51 52 54 55 56
-1
49 50 51 52 53 54 56 57 58 59 60 61
53 54 55 57 58 59
-1
-1
-1
57 58 59 61 62 63
-1
59 60 61 63 64 65
60 61 62 64 65 66
61 62 63 65 66 67
62 63 64 66 67 68
63 64 65 67 68 69
-1
65 66 67 69 70 71
66 67 68 70 71 72
67 68 69 71 72 73
-1
66 67 68 69 70 71 73 74 75 76 77 78
67 68 69 70 71 72 74 75 76 77 78 79
68 69 70 71 72 73 75 76 77 78 79 80
-1
73 74 75 77 78 79
-1
72 73 74 75 76 77 79 80 81 82 83 84
76 77 78 80 81 82
-1
78 79 80 82 83 84
79 80 81 83 84 85
77 78 79 80 81 82 84 85 86 87 88 89
81 82 83 85 86 87
82 83 84 86 87 88
83 84 85 87 88 89
-1
82 83 84 85 86 87 89 90 91 92 93 94
86 87 88 90 91 92
87 88 89 91 92 93
-1
-1
90 91 92 94 95 96
91 92 93 95 96 97
92 93 94 96 97 98
93 94 95 97 98 99
-1
92 93 94 95 96 97 99
96 97 98
