20
9 10 15 20 24 29 39 47 50 54 59 69 75 78 79 82 84 85 87 99
25 25 25 25 1 25 8 1 1 25 25 25 25 8 25 25 8 8 8 25
3 4 5 6 7 8 10 11 12 13 14 15
4 5 6 7 8 9 11 12 13 14 15 16
9 10 11 12 13 14 16 17 18 19 20 21
14 15 16 17 18 19 21 22 23 24 25 26
-1
23 24 25 26 27 28 30 31 32 33 34 35
36 37 38 40 41 42
-1
-1
48 49 50 51 52 53 55 56 57 58 59 60
53 54 55 56 57 58 60 61 62 63 64 65
63 64 65 66 67 68 70 71 72 73 74 75
69 70 71 72 73 74 76 77 78 79 80 81
75 76 77 79 80 81
73 74 75 76 77 78 80 81 82 83 84 85
76 77 78 79 80 81 83 84 85 86 87 88
81 82 83 85 86 87
82 83 84 86 87 88
84 85 86 88 89 90
93 94 95 96 97 98 100 101 102 103 104 105
