5 300
30 10 30 30 10 10 1 10 10 1 10 30 30 30 1 10 1 1 1 10 10 1 1 10 10 10 1 30 1 1 10 10 10 1 30 10 10 30 1 30 1 30 10 1 10 10 10 1 1 30 10 10 1 1 1 30 1 10 10 1 1 10 10 30 10 1 30 1 30 10 1 1 1 30 10 1 10 30 10 30 10 10 10 10 1 10 10 30 1 30 30 1 10 1 1 30 10 10 30 10 10 10 10 1 30 1 30 30 1 1 1 10 10 10 10 1 1 1 10 1 30 1 10 1 10 1 10 10 1 10 10 30 1 1 10 10 1 1 1 1 1 1 30 10 10 30 10 10 1 1 10 30 10 10 1 1 10 30 10 10 1 10 10 10 10 10 10 10 10 10 10 30 1 10 1 1 1 1 10 10 30 10 1 1 1 10 1 30 1 10 1 10 10 30 1 1 1 10 1 1 1 1 1 1 10 1 1 1 1 10 10 1 10 1 1 1 1 10 30 30 1 10 1 1 10 10 30 1 30 1 1 10 30 30 1 10 1 10 1 10 10 1 10 10 30 1 30 10 30 1 10 1 1 10 1 10 10 10 1 1 10 30 1 10 10 10 1 1 1 1 10 1 1 1 30 30 1 30 1 1 30 10 10 1 1 30 10 1 1 1 1 1 10 30 10 1 1 10 1 30
1 2 3 4 5 6 7
0 2 3 4
0 1 3 4 5 6 7 8 9
0 1 2 4 5 6 7 8 9 10
1 2 3 5 6 7
2 3 4 6 7 8
-1
4 5 6 8 9 10
5 6 7 9 10 11
-1
7 8 9 11 12 13
4 5 6 7 8 9 10 12 13 14 15 16 17 18
5 6 7 8 9 10 11 13 14 15 16 17 18 19
6 7 8 9 10 11 12 14 15 16 17 18 19 20
-1
12 13 14 16 17 18
-1
-1
-1
16 17 18 20 21 22
17 18 19 21 22 23
-1
-1
20 21 22 24 25 26
21 22 23 25 26 27
22 23 24 26 27 28
-1
20 21 22 23 24 25 26 28 29 30 31 32 33 34
-1
-1
27 28 29 31 32 33
28 29 30 32 33 34
29 30 31 33 34 35
-1
27 28 29 30 31 32 33 35 36 37 38 39 40 41
32 33 34 36 37 38
33 34 35 37 38 39
30 31 32 33 34 35 36 38 39 40 41 42 43 44
-1
32 33 34 35 36 37 38 40 41 42 43 44 45 46
-1
34 35 36 37 38 39 40 42 43 44 45 46 47 48
39 40 41 43 44 45
-1
41 42 43 45 46 47
42 43 44 46 47 48
43 44 45 47 48 49
-1
-1
42 43 44 45 46 47 48 50 51 52 53 54 55 56
47 48 49 51 52 53
48 49 50 52 53 54
-1
-1
-1
48 49 50 51 52 53 54 56 57 58 59 60 61 62
-1
54 55 56 58 59 60
55 56 57 59 60 61
-1
-1
58 59 60 62 63 64
59 60 61 63 64 65
56 57 58 59 60 61 62 64 65 66 67 68 69 70
61 62 63 65 66 67
-1
59 60 61 62 63 64 65 67 68 69 70 71 72 73
-1
61 62 63 64 65 66 67 69 70 71 72 73 74 75
66 67 68 70 71 72
-1
-1
-1
66 67 68 69 70 71 72 74 75 76 77 78 79 80
71 72 73 75 76 77
-1
73 74 75 77 78 79
70 71 72 73 74 75 76 78 79 80 81 82 83 84
75 76 77 79 80 81
72 73 74 75 76 77 78 80 81 82 83 84 85 86
77 78 79 81 82 83
78 79 80 82 83 84
79 80 81 83 84 85
80 81 82 84 85 86
-1
82 83 84 86 87 88
83 84 85 87 88 89
80 81 82 83 84 85 86 88 89 90 91 92 93 94
-1
82 83 84 85 86 87 88 90 91 92 93 94 95 96
83 84 85 86 87 88 89 91 92 93 94 95 96 97
-1
89 90 91 93 94 95
-1
-1
88 89 90 91 92 93 94 96 97 98 99 100 101 102
93 94 95 97 98 99
94 95 96 98 99 100
91 92 93 94 95 96 97 99 100 101 102 103 104 105
96 97 98 100 101 102
97 98 99 101 102 103
98 99 100 102 103 104
99 100 101 103 104 105
-1
97 98 99 100 101 102 103 105 106 107 108 109 110 111
-1
99 100 101 102 103 104 105 107 108 109 110 111 112 113
100 101 102 103 104 105 106 108 109 110 111 112 113 114
-1
-1
-1
108 109 110 112 113 114
109 110 111 113 114 115
110 111 112 114 115 116
111 112 113 115 116 117
-1
-1
-1
115 116 117 119 120 121
-1
113 114 115 116 117 118 119 121 122 123 124 125 126 127
-1
119 120 121 123 124 125
-1
121 122 123 125 126 127
-1
123 124 125 127 128 129
124 125 126 128 129 130
-1
126 127 128 130 131 132
127 128 129 131 132 133
124 125 126 127 128 129 130 132 133 134 135 136 137 138
-1
-1
131 132 133 135 136 137
132 133 134 136 137 138
-1
-1
-1
-1
-1
-1
135 136 137 138 139 140 141 143 144 145 146 147 148 149
140 141 142 144 145 146
141 142 143 145 146 147
138 139 140 141 142 143 144 146 147 148 149 150 151 152
143 144 145 147 148 149
144 145 146 148 149 150
-1
-1
147 148 149 151 152 153
144 145 146 147 148 149 150 152 153 154 155 156 157 158
149 150 151 153 154 155
150 151 152 154 155 156
-1
-1
153 154 155 157 158 159
150 151 152 153 154 155 156 158 159 160 161 162 163 164
155 156 157 159 160 161
156 157 158 160 161 162
-1
158 159 160 162 163 164
159 160 161 163 164 165
160 161 162 164 165 166
161 162 163 165 166 167
162 163 164 166 167 168
163 164 165 167 168 169
164 165 166 168 169 170
165 166 167 169 170 171
166 167 168 170 171 172
167 168 169 171 172 173
164 165 166 167 168 169 170 172 173 174 175 176 177 178
-1
170 171 172 174 175 176
-1
-1
-1
-1
175 176 177 179 180 181
176 177 178 180 181 182
173 174 175 176 177 178 179 181 182 183 184 185 186 187
178 179 180 182 183 184
-1
-1
-1
182 183 184 186 187 188
-1
180 181 182 183 184 185 186 188 189 190 191 192 193 194
-1
186 187 188 190 191 192
-1
188 189 190 192 193 194
189 190 191 193 194 195
186 187 188 189 190 191 192 194 195 196 197 198 199 200
-1
-1
-1
194 195 196 198 199 200
-1
-1
-1
-1
-1
-1
201 202 203 205 206 207
-1
-1
-1
-1
206 207 208 210 211 212
207 208 209 211 212 213
-1
209 210 211 213 214 215
-1
-1
-1
-1
214 215 216 218 219 220
211 212 213 214 215 216 217 219 220 221 222 223 224 225
212 213 214 215 216 217 218 220 221 222 223 224 225 226
-1
218 219 220 222 223 224
-1
-1
221 222 223 225 226 227
222 223 224 226 227 228
219 220 221 222 223 224 225 227 228 229 230 231 232 233
-1
221 222 223 224 225 226 227 229 230 231 232 233 234 235
-1
-1
228 229 230 232 233 234
225 226 227 228 229 230 231 233 234 235 236 237 238 239
226 227 228 229 230 231 232 234 235 236 237 238 239 240
-1
232 233 234 236 237 238
-1
234 235 236 238 239 240
-1
236 237 238 240 241 242
237 238 239 241 242 243
-1
239 240 241 243 244 245
240 241 242 244 245 246
237 238 239 240 241 242 243 245 246 247 248 249 250 251
-1
239 240 241 242 243 244 245 247 248 249 250 251 252 253
244 245 246 248 249 250
241 242 243 244 245 246 247 249 250 251 252 253 254 255
-1
247 248 249 251 252 253
-1
-1
250 251 252 254 255 256
-1
252 253 254 256 257 258
253 254 255 257 258 259
254 255 256 258 259 260
-1
-1
257 258 259 261 262 263
254 255 256 257 258 259 260 262 263 264 265 266 267 268
-1
260 261 262 264 265 266
261 262 263 265 266 267
262 263 264 266 267 268
-1
-1
-1
-1
267 268 269 271 272 273
-1
-1
-1
267 268 269 270 271 272 273 275 276 277 278 279 280 281
268 269 270 271 272 273 274 276 277 278 279 280 281 282
-1
270 271 272 273 274 275 276 278 279 280 281 282 283 284
-1
-1
273 274 275 276 277 278 279 281 282 283 284 285 286 287
278 279 280 282 283 284
279 280 281 283 284 285
-1
-1
278 279 280 281 282 283 284 286 287 288 289 290 291 292
283 284 285 287 288 289
-1
-1
-1
-1
-1
289 290 291 293 294 295
286 287 288 289 290 291 292 294 295 296 297 298 299
291 292 293 295 296 297
-1
-1
294 295 296 298 299
-1
292 293 294 295 296 297 298
