60
8 9 10 18 19 29 30 33 37 42 50 57 58 64 67 77 81 82 85 86 99 107 109 110 111 112 115 125 128 129 133 135 144 155 159 160 169 175 184 187 192 193 194 198 200 203 206 207 213 224 227 230 231 237 241 256 264 288 293 296
10 10 30 30 10 1 30 30 10 30 1 10 10 10 10 10 10 30 30 10 30 30 1 30 10 30 10 10 1 10 30 30 10 30 30 30 30 1 10 10 30 1 30 1 30 10 1 10 30 10 1 30 30 30 30 10 30 10 30 10
5 6 7 9 10 11
6 7 8 10 11 12
3 4 5 6 7 8 9 11 12 13 14 15 16 17
11 12 13 14 15 16 17 19 20 21 22 23 24 25
16 17 18 20 21 22
-1
23 24 25 26 27 28 29 31 32 33 34 35 36 37
26 27 28 29 30 31 32 34 35 36 37 38 39 40
34 35 36 38 39 40
35 36 37 38 39 40 41 43 44 45 46 47 48 49
-1
54 55 56 58 59 60
55 56 57 59 60 61
61 62 63 65 66 67
64 65 66 68 69 70
74 75 76 78 79 80
78 79 80 82 83 84
75 76 77 78 79 80 81 83 84 85 86 87 88 89
78 79 80 81 82 83 84 86 87 88 89 90 91 92
83 84 85 87 88 89
92 93 94 95 96 97 98 100 101 102 103 104 105 106
100 101 102 103 104 105 106 108 109 110 111 112 113 114
-1
103 104 105 106 107 108 109 111 112 113 114 115 116 117
108 109 110 112 113 114
105 106 107 108 109 110 111 113 114 115 116 117 118 119
112 113 114 116 117 118
122 123 124 126 127 128
-1
126 127 128 130 131 132
126 127 128 129 130 131 132 134 135 136 137 138 139 140
128 129 130 131 132 133 134 136 137 138 139 140 141 142
141 142 143 145 146 147
148 149 150 151 152 153 154 156 157 158 159 160 161 162
152 153 154 155 156 157 158 160 161 162 163 164 165 166
153 154 155 156 157 158 159 161 162 163 164 165 166 167
162 163 164 165 166 167 168 170 171 172 173 174 175 176
-1
181 182 183 185 186 187
184 185 186 188 189 190
185 186 187 188 189 190 191 193 194 195 196 197 198 199
-1
187 188 189 190 191 192 193 195 196 197 198 199 200 201
-1
193 194 195 196 197 198 199 201 202 203 204 205 206 207
200 201 202 204 205 206
-1
204 205 206 208 209 210
206 207 208 209 210 211 212 214 215 216 217 218 219 220
221 222 223 225 226 227
-1
223 224 225 226 227 228 229 231 232 233 234 235 236 237
224 225 226 227 228 229 230 232 233 234 235 236 237 238
230 231 232 233 234 235 236 238 239 240 241 242 243 244
234 235 236 237 238 239 240 242 243 244 245 246 247 248
253 254 255 257 258 259
257 258 259 260 261 262 263 265 266 267 268 269 270 271
285 286 287 289 290 291
286 287 288 289 290 291 292 294 295 296 297 298 299 300
293 294 295 297 298 299
