6 500
1 1 1 10 30 1 10 30 30 10 30 30 10 10 10 1 1 1 30 10 10 1 30 1 1 10 1 1 10 1 30 1 30 10 30 1 30 10 30 30 10 1 10 1 10 1 1 1 30 1 30 1 30 10 10 10 10 10 10 30 30 10 10 10 1 1 1 10 1 1 30 1 10 1 10 1 10 1 30 10 10 10 1 30 10 10 30 1 30 1 1 10 1 30 1 30 10 1 30 30 1 10 10 30 1 10 10 10 30 10 30 10 1 10 30 1 10 10 1 30 1 1 10 10 1 30 30 1 1 10 10 30 10 1 1 10 10 1 1 10 10 10 1 10 1 1 10 1 1 1 10 30 10 10 10 1 1 1 30 10 30 30 30 10 1 1 1 10 30 1 1 10 10 30 10 30 1 1 30 1 1 1 1 10 10 30 1 10 30 10 1 1 10 1 10 1 10 1 10 1 1 1 1 10 1 10 1 1 1 30 10 30 1 1 1 10 10 1 1 1 10 30 1 1 10 1 1 1 1 30 10 30 10 1 10 10 10 10 1 10 10 10 30 1 30 10 10 1 30 1 1 10 10 10 10 1 10 30 10 10 30 30 1 10 30 1 30 1 30 10 30 10 10 30 10 1 10 30 10 30 1 10 10 1 30 30 1 30 10 1 1 30 10 10 30 10 1 30 1 10 1 1 10 10 1 10 10 1 30 1 30 1 10 30 30 1 1 10 10 30 30 30 10 10 1 1 10 10 30 1 30 10 10 10 10 30 10 1 1 10 30 1 1 1 30 30 1 30 30 10 10 10 10 10 1 10 1 1 10 1 1 1 1 10 1 1 1 30 30 10 10 10 30 30 1 30 10 10 1 30 1 30 30 30 10 10 30 30 30 10 30 30 1 10 30 10 10 1 1 30 10 1 10 1 10 1 10 30 1 1 10 10 30 1 10 1 10 10 1 30 1 1 30 30 1 10 30 1 1 10 1 1 10 10 30 30 30 30 10 1 10 1 30 30 30 1 1 1 30 1 30 30 1 1 1 1 10 10 10 10 30 10 1 30 1 1 10 1 1 1 1 30 30 10 30 30 10 1 1 1 10 1 1 10 10 30 10 10 10 10 10 30 10 10 10 10 10 1 10 1
-1
-1
-1
0 1 2 4 5 6 7
0 1 2 3 5 6 7 8 9 10 11 12 13
-1
2 3 4 5 7 8 9 10
0 1 2 3 4 5 6 8 9 10 11 12 13 14 15 16
0 1 2 3 4 5 6 7 9 10 11 12 13 14 15 16 17
5 6 7 8 10 11 12 13
1 2 3 4 5 6 7 8 9 11 12 13 14 15 16 17 18 19
2 3 4 5 6 7 8 9 10 12 13 14 15 16 17 18 19 20
8 9 10 11 13 14 15 16
9 10 11 12 14 15 16 17
10 11 12 13 15 16 17 18
-1
-1
-1
9 10 11 12 13 14 15 16 17 19 20 21 22 23 24 25 26 27
15 16 17 18 20 21 22 23
16 17 18 19 21 22 23 24
-1
13 14 15 16 17 18 19 20 21 23 24 25 26 27 28 29 30 31
-1
-1
21 22 23 24 26 27 28 29
-1
-1
24 25 26 27 29 30 31 32
-1
21 22 23 24 25 26 27 28 29 31 32 33 34 35 36 37 38 39
-1
23 24 25 26 27 28 29 30 31 33 34 35 36 37 38 39 40 41
29 30 31 32 34 35 36 37
25 26 27 28 29 30 31 32 33 35 36 37 38 39 40 41 42 43
-1
27 28 29 30 31 32 33 34 35 37 38 39 40 41 42 43 44 45
33 34 35 36 38 39 40 41
29 30 31 32 33 34 35 36 37 39 40 41 42 43 44 45 46 47
30 31 32 33 34 35 36 37 38 40 41 42 43 44 45 46 47 48
36 37 38 39 41 42 43 44
-1
38 39 40 41 43 44 45 46
-1
40 41 42 43 45 46 47 48
-1
-1
-1
39 40 41 42 43 44 45 46 47 49 50 51 52 53 54 55 56 57
-1
41 42 43 44 45 46 47 48 49 51 52 53 54 55 56 57 58 59
-1
43 44 45 46 47 48 49 50 51 53 54 55 56 57 58 59 60 61
49 50 51 52 54 55 56 57
50 51 52 53 55 56 57 58
51 52 53 54 56 57 58 59
52 53 54 55 57 58 59 60
53 54 55 56 58 59 60 61
54 55 56 57 59 60 61 62
50 51 52 53 54 55 56 57 58 60 61 62 63 64 65 66 67 68
51 52 53 54 55 56 57 58 59 61 62 63 64 65 66 67 68 69
57 58 59 60 62 63 64 65
58 59 60 61 63 64 65 66
59 60 61 62 64 65 66 67
-1
-1
-1
63 64 65 66 68 69 70 71
-1
-1
61 62 63 64 65 66 67 68 69 71 72 73 74 75 76 77 78 79
-1
68 69 70 71 73 74 75 76
-1
70 71 72 73 75 76 77 78
-1
72 73 74 75 77 78 79 80
-1
69 70 71 72 73 74 75 76 77 79 80 81 82 83 84 85 86 87
75 76 77 78 80 81 82 83
76 77 78 79 81 82 83 84
77 78 79 80 82 83 84 85
-1
74 75 76 77 78 79 80 81 82 84 85 86 87 88 89 90 91 92
80 81 82 83 85 86 87 88
81 82 83 84 86 87 88 89
77 78 79 80 81 82 83 84 85 87 88 89 90 91 92 93 94 95
-1
79 80 81 82 83 84 85 86 87 89 90 91 92 93 94 95 96 97
-1
-1
87 88 89 90 92 93 94 95
-1
84 85 86 87 88 89 90 91 92 94 95 96 97 98 99 100 101 102
-1
86 87 88 89 90 91 92 93 94 96 97 98 99 100 101 102 103 104
92 93 94 95 97 98 99 100
-1
89 90 91 92 93 94 95 96 97 99 100 101 102 103 104 105 106 107
90 91 92 93 94 95 96 97 98 100 101 102 103 104 105 106 107 108
-1
97 98 99 100 102 103 104 105
98 99 100 101 103 104 105 106
94 95 96 97 98 99 100 101 102 104 105 106 107 108 109 110 111 112
-1
101 102 103 104 106 107 108 109
102 103 104 105 107 108 109 110
103 104 105 106 108 109 110 111
99 100 101 102 103 104 105 106 107 109 110 111 112 113 114 115 116 117
105 106 107 108 110 111 112 113
101 102 103 104 105 106 107 108 109 111 112 113 114 115 116 117 118 119
107 108 109 110 112 113 114 115
-1
109 110 111 112 114 115 116 117
105 106 107 108 109 110 111 112 113 115 116 117 118 119 120 121 122 123
-1
112 113 114 115 117 118 119 120
113 114 115 116 118 119 120 121
-1
110 111 112 113 114 115 116 117 118 120 121 122 123 124 125 126 127 128
-1
-1
118 119 120 121 123 124 125 126
119 120 121 122 124 125 126 127
-1
116 117 118 119 120 121 122 123 124 126 127 128 129 130 131 132 133 134
117 118 119 120 121 122 123 124 125 127 128 129 130 131 132 133 134 135
-1
-1
125 126 127 128 130 131 132 133
126 127 128 129 131 132 133 134
122 123 124 125 126 127 128 129 130 132 133 134 135 136 137 138 139 140
128 129 130 131 133 134 135 136
-1
-1
131 132 133 134 136 137 138 139
132 133 134 135 137 138 139 140
-1
-1
135 136 137 138 140 141 142 143
136 137 138 139 141 142 143 144
137 138 139 140 142 143 144 145
-1
139 140 141 142 144 145 146 147
-1
-1
142 143 144 145 147 148 149 150
-1
-1
-1
146 147 148 149 151 152 153 154
142 143 144 145 146 147 148 149 150 152 153 154 155 156 157 158 159 160
148 149 150 151 153 154 155 156
149 150 151 152 154 155 156 157
150 151 152 153 155 156 157 158
-1
-1
-1
149 150 151 152 153 154 155 156 157 159 160 161 162 163 164 165 166 167
155 156 157 158 160 161 162 163
151 152 153 154 155 156 157 158 159 161 162 163 164 165 166 167 168 169
152 153 154 155 156 157 158 159 160 162 163 164 165 166 167 168 169 170
153 154 155 156 157 158 159 160 161 163 164 165 166 167 168 169 170 171
159 160 161 162 164 165 166 167
-1
-1
-1
163 164 165 166 168 169 170 171
159 160 161 162 163 164 165 166 167 169 170 171 172 173 174 175 176 177
-1
-1
167 168 169 170 172 173 174 175
168 169 170 171 173 174 175 176
164 165 166 167 168 169 170 171 172 174 175 176 177 178 179 180 181 182
170 171 172 173 175 176 177 178
166 167 168 169 170 171 172 173 174 176 177 178 179 180 181 182 183 184
-1
-1
169 170 171 172 173 174 175 176 177 179 180 181 182 183 184 185 186 187
-1
-1
-1
-1
179 180 181 182 184 185 186 187
180 181 182 183 185 186 187 188
176 177 178 179 180 181 182 183 184 186 187 188 189 190 191 192 193 194
-1
183 184 185 186 188 189 190 191
179 180 181 182 183 184 185 186 187 189 190 191 192 193 194 195 196 197
185 186 187 188 190 191 192 193
-1
-1
188 189 190 191 193 194 195 196
-1
190 191 192 193 195 196 197 198
-1
192 193 194 195 197 198 199 200
-1
194 195 196 197 199 200 201 202
-1
-1
-1
-1
199 200 201 202 204 205 206 207
-1
201 202 203 204 206 207 208 209
-1
-1
-1
200 201 202 203 204 205 206 207 208 210 211 212 213 214 215 216 217 218
206 207 208 209 211 212 213 214
202 203 204 205 206 207 208 209 210 212 213 214 215 216 217 218 219 220
-1
-1
-1
211 212 213 214 216 217 218 219
212 213 214 215 217 218 219 220
-1
-1
-1
216 217 218 219 221 222 223 224
212 213 214 215 216 217 218 219 220 222 223 224 225 226 227 228 229 230
-1
-1
220 221 222 223 225 226 227 228
-1
-1
-1
-1
220 221 222 223 224 225 226 227 228 230 231 232 233 234 235 236 237 238
226 227 228 229 231 232 233 234
222 223 224 225 226 227 228 229 230 232 233 234 235 236 237 238 239 240
228 229 230 231 233 234 235 236
-1
230 231 232 233 235 236 237 238
231 232 233 234 236 237 238 239
232 233 234 235 237 238 239 240
233 234 235 236 238 239 240 241
-1
235 236 237 238 240 241 242 243
236 237 238 239 241 242 243 244
237 238 239 240 242 243 244 245
233 234 235 236 237 238 239 240 241 243 244 245 246 247 248 249 250 251
-1
235 236 237 238 239 240 241 242 243 245 246 247 248 249 250 251 252 253
241 242 243 244 246 247 248 249
242 243 244 245 247 248 249 250
-1
239 240 241 242 243 244 245 246 247 249 250 251 252 253 254 255 256 257
-1
-1
247 248 249 250 252 253 254 255
248 249 250 251 253 254 255 256
249 250 251 252 254 255 256 257
250 251 252 253 255 256 257 258
-1
252 253 254 255 257 258 259 260
248 249 250 251 252 253 254 255 256 258 259 260 261 262 263 264 265 266
254 255 256 257 259 260 261 262
255 256 257 258 260 261 262 263
251 252 253 254 255 256 257 258 259 261 262 263 264 265 266 267 268 269
252 253 254 255 256 257 258 259 260 262 263 264 265 266 267 268 269 270
-1
259 260 261 262 264 265 266 267
255 256 257 258 259 260 261 262 263 265 266 267 268 269 270 271 272 273
-1
257 258 259 260 261 262 263 264 265 267 268 269 270 271 272 273 274 275
-1
259 260 261 262 263 264 265 266 267 269 270 271 272 273 274 275 276 277
265 266 267 268 270 271 272 273
261 262 263 264 265 266 267 268 269 271 272 273 274 275 276 277 278 279
267 268 269 270 272 273 274 275
268 269 270 271 273 274 275 276
264 265 266 267 268 269 270 271 272 274 275 276 277 278 279 280 281 282
270 271 272 273 275 276 277 278
-1
272 273 274 275 277 278 279 280
268 269 270 271 272 273 274 275 276 278 279 280 281 282 283 284 285 286
274 275 276 277 279 280 281 282
270 271 272 273 274 275 276 277 278 280 281 282 283 284 285 286 287 288
-1
277 278 279 280 282 283 284 285
278 279 280 281 283 284 285 286
-1
275 276 277 278 279 280 281 282 283 285 286 287 288 289 290 291 292 293
276 277 278 279 280 281 282 283 284 286 287 288 289 290 291 292 293 294
-1
278 279 280 281 282 283 284 285 286 288 289 290 291 292 293 294 295 296
284 285 286 287 289 290 291 292
-1
-1
282 283 284 285 286 287 288 289 290 292 293 294 295 296 297 298 299 300
288 289 290 291 293 294 295 296
289 290 291 292 294 295 296 297
285 286 287 288 289 290 291 292 293 295 296 297 298 299 300 301 302 303
291 292 293 294 296 297 298 299
-1
288 289 290 291 292 293 294 295 296 298 299 300 301 302 303 304 305 306
-1
295 296 297 298 300 301 302 303
-1
-1
298 299 300 301 303 304 305 306
299 300 301 302 304 305 306 307
-1
301 302 303 304 306 307 308 309
302 303 304 305 307 308 309 310
-1
299 300 301 302 303 304 305 306 307 309 310 311 312 313 314 315 316 317
-1
301 302 303 304 305 306 307 308 309 311 312 313 314 315 316 317 318 319
-1
308 309 310 311 313 314 315 316
304 305 306 307 308 309 310 311 312 314 315 316 317 318 319 320 321 322
305 306 307 308 309 310 311 312 313 315 316 317 318 319 320 321 322 323
-1
-1
313 314 315 316 318 319 320 321
314 315 316 317 319 320 321 322
310 311 312 313 314 315 316 317 318 320 321 322 323 324 325 326 327 328
311 312 313 314 315 316 317 318 319 321 322 323 324 325 326 327 328 329
312 313 314 315 316 317 318 319 320 322 323 324 325 326 327 328 329 330
318 319 320 321 323 324 325 326
319 320 321 322 324 325 326 327
-1
-1
322 323 324 325 327 328 329 330
323 324 325 326 328 329 330 331
319 320 321 322 323 324 325 326 327 329 330 331 332 333 334 335 336 337
-1
321 322 323 324 325 326 327 328 329 331 332 333 334 335 336 337 338 339
327 328 329 330 332 333 334 335
328 329 330 331 333 334 335 336
329 330 331 332 334 335 336 337
330 331 332 333 335 336 337 338
326 327 328 329 330 331 332 333 334 336 337 338 339 340 341 342 343 344
332 333 334 335 337 338 339 340
-1
-1
335 336 337 338 340 341 342 343
331 332 333 334 335 336 337 338 339 341 342 343 344 345 346 347 348 349
-1
-1
-1
335 336 337 338 339 340 341 342 343 345 346 347 348 349 350 351 352 353
336 337 338 339 340 341 342 343 344 346 347 348 349 350 351 352 353 354
-1
338 339 340 341 342 343 344 345 346 348 349 350 351 352 353 354 355 356
339 340 341 342 343 344 345 346 347 349 350 351 352 353 354 355 356 357
345 346 347 348 350 351 352 353
346 347 348 349 351 352 353 354
347 348 349 350 352 353 354 355
348 349 350 351 353 354 355 356
349 350 351 352 354 355 356 357
-1
351 352 353 354 356 357 358 359
-1
-1
354 355 356 357 359 360 361 362
-1
-1
-1
-1
359 360 361 362 364 365 366 367
-1
-1
-1
358 359 360 361 362 363 364 365 366 368 369 370 371 372 373 374 375 376
359 360 361 362 363 364 365 366 367 369 370 371 372 373 374 375 376 377
365 366 367 368 370 371 372 373
366 367 368 369 371 372 373 374
367 368 369 370 372 373 374 375
363 364 365 366 367 368 369 370 371 373 374 375 376 377 378 379 380 381
364 365 366 367 368 369 370 371 372 374 375 376 377 378 379 380 381 382
-1
366 367 368 369 370 371 372 373 374 376 377 378 379 380 381 382 383 384
372 373 374 375 377 378 379 380
373 374 375 376 378 379 380 381
-1
370 371 372 373 374 375 376 377 378 380 381 382 383 384 385 386 387 388
-1
372 373 374 375 376 377 378 379 380 382 383 384 385 386 387 388 389 390
373 374 375 376 377 378 379 380 381 383 384 385 386 387 388 389 390 391
374 375 376 377 378 379 380 381 382 384 385 386 387 388 389 390 391 392
380 381 382 383 385 386 387 388
381 382 383 384 386 387 388 389
377 378 379 380 381 382 383 384 385 387 388 389 390 391 392 393 394 395
378 379 380 381 382 383 384 385 386 388 389 390 391 392 393 394 395 396
379 380 381 382 383 384 385 386 387 389 390 391 392 393 394 395 396 397
385 386 387 388 390 391 392 393
381 382 383 384 385 386 387 388 389 391 392 393 394 395 396 397 398 399
382 383 384 385 386 387 388 389 390 392 393 394 395 396 397 398 399 400
-1
389 390 391 392 394 395 396 397
385 386 387 388 389 390 391 392 393 395 396 397 398 399 400 401 402 403
391 392 393 394 396 397 398 399
392 393 394 395 397 398 399 400
-1
-1
390 391 392 393 394 395 396 397 398 400 401 402 403 404 405 406 407 408
396 397 398 399 401 402 403 404
-1
398 399 400 401 403 404 405 406
-1
400 401 402 403 405 406 407 408
-1
402 403 404 405 407 408 409 410
398 399 400 401 402 403 404 405 406 408 409 410 411 412 413 414 415 416
-1
-1
406 407 408 409 411 412 413 414
407 408 409 410 412 413 414 415
403 404 405 406 407 408 409 410 411 413 414 415 416 417 418 419 420 421
-1
410 411 412 413 415 416 417 418
-1
412 413 414 415 417 418 419 420
413 414 415 416 418 419 420 421
-1
410 411 412 413 414 415 416 417 418 420 421 422 423 424 425 426 427 428
-1
-1
413 414 415 416 417 418 419 420 421 423 424 425 426 427 428 429 430 431
414 415 416 417 418 419 420 421 422 424 425 426 427 428 429 430 431 432
-1
421 422 423 424 426 427 428 429
417 418 419 420 421 422 423 424 425 427 428 429 430 431 432 433 434 435
-1
-1
425 426 427 428 430 431 432 433
-1
-1
428 429 430 431 433 434 435 436
429 430 431 432 434 435 436 437
425 426 427 428 429 430 431 432 433 435 436 437 438 439 440 441 442 443
426 427 428 429 430 431 432 433 434 436 437 438 439 440 441 442 443 444
427 428 429 430 431 432 433 434 435 437 438 439 440 441 442 443 444 445
428 429 430 431 432 433 434 435 436 438 439 440 441 442 443 444 445 446
434 435 436 437 439 440 441 442
-1
436 437 438 439 441 442 443 444
-1
433 434 435 436 437 438 439 440 441 443 444 445 446 447 448 449 450 451
434 435 436 437 438 439 440 441 442 444 445 446 447 448 449 450 451 452
435 436 437 438 439 440 441 442 443 445 446 447 448 449 450 451 452 453
-1
-1
-1
439 440 441 442 443 444 445 446 447 449 450 451 452 453 454 455 456 457
-1
441 442 443 444 445 446 447 448 449 451 452 453 454 455 456 457 458 459
442 443 444 445 446 447 448 449 450 452 453 454 455 456 457 458 459 460
-1
-1
-1
-1
452 453 454 455 457 458 459 460
453 454 455 456 458 459 460 461
454 455 456 457 459 460 461 462
455 456 457 458 460 461 462 463
451 452 453 454 455 456 457 458 459 461 462 463 464 465 466 467 468 469
457 458 459 460 462 463 464 465
-1
454 455 456 457 458 459 460 461 462 464 465 466 467 468 469 470 471 472
-1
-1
462 463 464 465 467 468 469 470
-1
-1
-1
-1
462 463 464 465 466 467 468 469 470 472 473 474 475 476 477 478 479 480
463 464 465 466 467 468 469 470 471 473 474 475 476 477 478 479 480 481
469 470 471 472 474 475 476 477
465 466 467 468 469 470 471 472 473 475 476 477 478 479 480 481 482 483
466 467 468 469 470 471 472 473 474 476 477 478 479 480 481 482 483 484
472 473 474 475 477 478 479 480
-1
-1
-1
476 477 478 479 481 482 483 484
-1
-1
479 480 481 482 484 485 486 487
480 481 482 483 485 486 487 488
476 477 478 479 480 481 482 483 484 486 487 488 489 490 491 492 493 494
482 483 484 485 487 488 489 490
483 484 485 486 488 489 490 491
484 485 486 487 489 490 491 492
485 486 487 488 490 491 492 493
486 487 488 489 491 492 493 494
482 483 484 485 486 487 488 489 490 492 493 494 495 496 497 498 499
488 489 490 491 493 494 495 496
489 490 491 492 494 495 496 497
490 491 492 493 495 496 497 498
491 492 493 494 496 497 498 499
492 493 494 495 497 498 499
-1
494 495 496 497 499
-1
