100
3 6 10 12 16 24 28 45 50 57 58 75 79 97 98 99 100 101 103 114 130 133 139 143 151 153 164 167 175 177 183 186 195 199 200 203 207 212 216 225 227 228 230 232 233 234 250 257 258 266 268 269 270 272 285 290 291 301 304 309 314 316 319 323 324 325 342 344 345 347 352 358 360 365 366 372 374 376 386 406 408 409 421 424 425 448 455 456 459 464 471 474 475 481 482 483 487 488 495 499
30 10 10 10 30 10 30 30 10 10 1 30 10 30 1 30 30 30 1 1 10 30 10 10 1 10 10 1 10 30 10 10 30 1 10 30 30 10 10 10 30 10 10 30 30 30 10 10 1 1 1 10 10 30 10 10 30 1 1 30 1 1 30 10 10 10 30 30 30 1 10 10 1 10 1 1 10 10 30 30 10 10 1 10 30 1 10 10 30 1 30 1 10 30 1 1 10 1 10 10
0 1 2 4 5 6 7 8 9 10 11 12
2 3 4 5 7 8 9 10
6 7 8 9 11 12 13 14
8 9 10 11 13 14 15 16
7 8 9 10 11 12 13 14 15 17 18 19 20 21 22 23 24 25
20 21 22 23 25 26 27 28
19 20 21 22 23 24 25 26 27 29 30 31 32 33 34 35 36 37
36 37 38 39 40 41 42 43 44 46 47 48 49 50 51 52 53 54
46 47 48 49 51 52 53 54
53 54 55 56 58 59 60 61
-1
66 67 68 69 70 71 72 73 74 76 77 78 79 80 81 82 83 84
75 76 77 78 80 81 82 83
88 89 90 91 92 93 94 95 96 98 99 100 101 102 103 104 105 106
-1
90 91 92 93 94 95 96 97 98 100 101 102 103 104 105 106 107 108
91 92 93 94 95 96 97 98 99 101 102 103 104 105 106 107 108 109
92 93 94 95 96 97 98 99 100 102 103 104 105 106 107 108 109 110
-1
-1
126 127 128 129 131 132 133 134
124 125 126 127 128 129 130 131 132 134 135 136 137 138 139 140 141 142
135 136 137 138 140 141 142 143
139 140 141 142 144 145 146 147
-1
149 150 151 152 154 155 156 157
160 161 162 163 165 166 167 168
-1
171 172 173 174 176 177 178 179
168 169 170 171 172 173 174 175 176 178 179 180 181 182 183 184 185 186
179 180 181 182 184 185 186 187
182 183 184 185 187 188 189 190
186 187 188 189 190 191 192 193 194 196 197 198 199 200 201 202 203 204
-1
196 197 198 199 201 202 203 204
194 195 196 197 198 199 200 201 202 204 205 206 207 208 209 210 211 212
198 199 200 201 202 203 204 205 206 208 209 210 211 212 213 214 215 216
208 209 210 211 213 214 215 216
212 213 214 215 217 218 219 220
221 222 223 224 226 227 228 229
218 219 220 221 222 223 224 225 226 228 229 230 231 232 233 234 235 236
224 225 226 227 229 230 231 232
226 227 228 229 231 232 233 234
223 224 225 226 227 228 229 230 231 233 234 235 236 237 238 239 240 241
224 225 226 227 228 229 230 231 232 234 235 236 237 238 239 240 241 242
225 226 227 228 229 230 231 232 233 235 236 237 238 239 240 241 242 243
246 247 248 249 251 252 253 254
253 254 255 256 258 259 260 261
-1
-1
-1
265 266 267 268 270 271 272 273
266 267 268 269 271 272 273 274
263 264 265 266 267 268 269 270 271 273 274 275 276 277 278 279 280 281
281 282 283 284 286 287 288 289
286 287 288 289 291 292 293 294
282 283 284 285 286 287 288 289 290 292 293 294 295 296 297 298 299 300
-1
-1
300 301 302 303 304 305 306 307 308 310 311 312 313 314 315 316 317 318
-1
-1
310 311 312 313 314 315 316 317 318 320 321 322 323 324 325 326 327 328
319 320 321 322 324 325 326 327
320 321 322 323 325 326 327 328
321 322 323 324 326 327 328 329
333 334 335 336 337 338 339 340 341 343 344 345 346 347 348 349 350 351
335 336 337 338 339 340 341 342 343 345 346 347 348 349 350 351 352 353
336 337 338 339 340 341 342 343 344 346 347 348 349 350 351 352 353 354
-1
348 349 350 351 353 354 355 356
354 355 356 357 359 360 361 362
-1
361 362 363 364 366 367 368 369
-1
-1
370 371 372 373 375 376 377 378
372 373 374 375 377 378 379 380
377 378 379 380 381 382 383 384 385 387 388 389 390 391 392 393 394 395
397 398 399 400 401 402 403 404 405 407 408 409 410 411 412 413 414 415
404 405 406 407 409 410 411 412
405 406 407 408 410 411 412 413
-1
420 421 422 423 425 426 427 428
416 417 418 419 420 421 422 423 424 426 427 428 429 430 431 432 433 434
-1
451 452 453 454 456 457 458 459
452 453 454 455 457 458 459 460
450 451 452 453 454 455 456 457 458 460 461 462 463 464 465 466 467 468
-1
462 463 464 465 466 467 468 469 470 472 473 474 475 476 477 478 479 480
-1
471 472 473 474 476 477 478 479
472 473 474 475 476 477 478 479 480 482 483 484 485 486 487 488 489 490
-1
-1
483 484 485 486 488 489 490 491
-1
491 492 493 494 496 497 498 499
495 496 497 498 500 501 502 503
